|Bid
|Ask
1.11246
1.11248
|0.2
108.355
108.357
|0.2
1.28599
1.28612
|1.3
120.541
120.547
|0.6
1.30990
1.31002
|1.2
0.68538
0.68545
|0.7
3.83785
3.83915
|13.0
1488.41
1488.69
|27.7
7.08051
7.08084
|3.3
2989.07
2989.73
|66.0
12676.2
12679.3
|318.0
59.4310
59.4810
|5.0
|Sessions:
|European
|US
|Asian
|EUR/USD
|0.22
|0.24
|0.28
|USD/JPY
|0.23
|0.26
|0.39
|GBP/USD
|1.12
|1.31
|1.68
|EUR/JPY
|0.54
|0.57
|0.7
|USD/CAD
|1.03
|1.08
|1.38
|AUD/USD
|0.89
|0.93
|0.98
|USD/PLN
|7.42
|8.61
|16.48
|XAU/USD
|28.04
|29.34
|28.89
|USD/CNH
|2.68
|3.63
|4.45
|USA500.IDX
|0.42
|0.36
|0.56
|DEU.IDX
|115.54
|159.57
|171.56
|BRENT.CMD
|0.05
|0.05
|0.05