|‹
|October 2019
|›
|Su
|Mo
|Tu
|We
|Th
|Fr
|Sa
|29
|30
|1
|2
|3
|4
|5
|6
|7
|8
|9
|10
|11
|12
|13
|14
|15
|16
|17
|18
|19
|20
|21
|22
|23
|24
|25
|26
|27
|28
|29
|30
|31
|1
|2
|3
|4
|5
|6
|7
|8
|9
|‹
|2019
|›
|JanFebMarAprMayJunJulAugSepOctNovDec
|‹
|2010-2019
|›
|200920102011201220132014201520162017201820192020
|‹
|October 2019
|›
|Su
|Mo
|Tu
|We
|Th
|Fr
|Sa
|29
|30
|1
|2
|3
|4
|5
|6
|7
|8
|9
|10
|11
|12
|13
|14
|15
|16
|17
|18
|19
|20
|21
|22
|23
|24
|25
|26
|27
|28
|29
|30
|31
|1
|2
|3
|4
|5
|6
|7
|8
|9
|‹
|2019
|›
|JanFebMarAprMayJunJulAugSepOctNovDec
|‹
|2010-2019
|›
|200920102011201220132014201520162017201820192020